>consensus_human_CTCF_galaxy 	galaxy_CTCF 	3	
0.081 	0.441 	0.267 	0.211
0.267 	0.207 	0.393 	0.133
0.063 	0.409 	0.455 	0.073
0.025 	0.655 	0.065 	0.255
0.072 	0.04 	0.697 	0.191
0.089 	0.739 	0.107 	0.065
0.016 	0.938 	0.006 	0.04
0.268 	0.545 	0.098 	0.089
0.025 	0.666 	0.013 	0.296
0.031 	0.912 	0.029 	0.028
0.094 	0.097 	0.082 	0.727
0.186 	0.164 	0.503 	0.147
0.026 	0.441 	0.477 	0.056
0.145 	0.358 	0.07 	0.427
0.015 	0.013 	0.934 	0.038
0.057 	0.147 	0.657 	0.139
0.133 	0.532 	0.144 	0.191
0.144 	0.447 	0.255 	0.154
0.232 	0.211 	0.443 	0.114